Epoch: 1
TP: [ 357.    0.  156. 1257.  543.  536.  457.]
TN: [4551. 5654. 4729. 3863. 4293. 4073. 4848.]
FP: [442.  87. 663. 186. 450. 430. 177.]
FN: [391.   0. 193. 435. 455. 702. 259.]
ACC: 57.58578872680664
_______
Epoch: 2
TP: [ 376.   14.  262. 1301.  708.  397.  477.]
TN: [4650. 5644. 4641. 3882. 4086. 4423. 4914.]
FP: [423.  73. 557. 142. 285. 569. 157.]
FN: [292.  10. 281. 416. 662. 352. 193.]
ACC: 61.57463836669922
_______
Epoch: 3
TP: [ 531.   17.  289. 1259.  593.  477.  414.]
TN: [4287. 5645. 4656. 4018. 4312. 4342. 5025.]
FP: [268.  70. 530. 184. 400. 489. 220.]
FN: [655.   9. 266. 280. 436. 433.  82.]
ACC: 62.35847473144531
_______
Epoch: 4
TP: [ 508.   22.  345. 1204.  659.  448.  451.]
TN: [4387. 5645. 4547. 4122. 4233. 4431. 4977.]
FP: [291.  65. 474. 239. 334. 518. 183.]
FN: [555.   9. 375. 176. 515. 344. 130.]
ACC: 63.35133361816406
_______
